0 0
0.001 0
0.002 0
0.003 0
0.004 0
0.005 0
0.006 0
0.007 0
0.008 0
0.009 0
0.01 0
0.011 0
0.012 0
0.013 0
0.014 0
0.015 0
0.016 0
0.017 0
0.018 0
0.019 0
0.02 0
0.021 1.77189e-126
0.022 4.35516e-117
0.023 9.94814e-111
0.024 4.7295e-106
0.025 2.51706e-102
0.026 2.81026e-99
0.027 9.8641e-97
0.028 1.46339e-94
0.029 1.15054e-92
0.03 5.64513e-91
0.031 1.93294e-89
0.032 4.98448e-88
0.033 1.02105e-86
0.034 1.72697e-85
0.035 2.4824e-84
0.036 3.10071e-83
0.037 3.42495e-82
0.038 3.39283e-81
0.039 3.04923e-80
0.04 2.51012e-79
0.041 1.908e-78
0.042 1.3484e-77
0.043 8.91208e-77
0.044 5.53717e-76
0.045 3.24854e-75
0.046 1.80674e-74
0.047 9.55929e-74
0.048 4.82652e-73
0.049 2.33202e-72
0.05 1.08096e-71
0.051 4.81787e-71
0.052 2.069e-70
0.053 8.57703e-70
0.054 3.43818e-69
0.055 1.3348e-68
0.056 5.02599e-68
0.057 1.83789e-67
0.058 6.53486e-67
0.059 2.26184e-66
0.06 7.62859e-66
0.061 2.50959e-65
0.062 8.05977e-65
0.063 2.52908e-64
0.064 7.75983e-64
0.065 2.3297e-63
0.066 6.84841e-63
0.067 1.97235e-62
0.068 5.56834e-62
0.069 1.54183e-61
0.07 4.18908e-61
0.071 1.11727e-60
0.072 2.92633e-60
0.073 7.52935e-60
0.074 1.90368e-59
0.075 4.73083e-59
0.076 1.15579e-58
0.077 2.77642e-58
0.078 6.55836e-58
0.079 1.52343e-57
0.08 3.47975e-57
0.081 7.8147e-57
0.082 1.72509e-56
0.083 3.74182e-56
0.084 7.97056e-56
0.085 1.66608e-55
0.086 3.41377e-55
0.087 6.84627e-55
0.088 1.34102e-54
0.089 2.55769e-54
0.09 4.72827e-54
0.091 8.41165e-54
0.092 1.42276e-53
0.093 2.2367e-53
0.094 3.10758e-53
0.095 3.26269e-53
0.096 3.49556e-54
0.097 -1.18295e-52
0.098 -4.83297e-52
0.099 -1.43793e-51
0.1 -3.74791e-51
0.101 -9.05258e-51
0.102 -2.07689e-50
0.103 -4.58548e-50
0.104 -9.81858e-50
0.105 -2.04905e-49
0.106 -4.18159e-49
0.107 -8.36415e-49
0.108 -1.64251e-48
0.109 -3.17035e-48
0.11 -6.01973e-48
0.111 -1.12499e-47
0.112 -2.06989e-47
0.113 -3.7498e-47
0.114 -6.68745e-47
0.115 -1.17364e-46
0.116 -2.0255e-46
0.117 -3.434e-46
0.118 -5.7105e-46
0.119 -9.29367e-46
0.12 -1.47544e-45
0.121 -2.27367e-45
0.122 -3.37428e-45
0.123 -4.75796e-45
0.124 -6.21117e-45
0.125 -7.06659e-45
0.126 -5.68935e-45
0.127 1.50188e-45
0.128 2.18454e-44
0.129 6.97033e-44
0.13 1.72229e-43
0.131 3.79357e-43
0.132 7.80803e-43
0.133 1.5345e-42
0.134 2.91345e-42
0.135 5.38159e-42
0.136 9.71488e-42
0.137 1.71913e-41
0.138 2.9884e-41
0.139 5.11058e-41
0.14 8.60689e-41
0.141 1.42844e-40
0.142 2.33715e-40
0.143 3.77038e-40
0.144 5.99672e-40
0.145 9.39982e-40
0.146 1.45119e-39
0.147 2.2044e-39
0.148 3.28986e-39
0.149 4.81336e-39
0.15 6.88231e-39
0.151 9.57121e-39
0.152 1.28492e-38
0.153 1.64405e-38
0.154 1.95682e-38
0.155 2.05061e-38
0.156 1.58109e-38
0.157 -9.53464e-40
0.158 -4.12985e-38
0.159 -1.25145e-37
0.16 -2.86071e-37
0.161 -5.79457e-37
0.162 -1.09492e-36
0.163 -1.97504e-36
0.164 -3.44317e-36
0.165 -5.84413e-36
0.166 -9.70288e-36
0.167 -1.58078e-35
0.168 -2.53267e-35
0.169 -3.99662e-35
0.17 -6.21842e-35
0.171 -9.54682e-35
0.172 -1.44686e-34
0.173 -2.16509e-34
0.174 -3.19895e-34
0.175 -4.6657e-34
0.176 -6.71424e-34
0.177 -9.52601e-34
0.178 -1.33094e-33
0.179 -1.82818e-33
0.18 -2.4629e-33
0.181 -3.2428e-33
0.182 -4.15063e-33
0.183 -5.1205e-33
0.184 -5.99871e-33
0.185 -6.48125e-33
0.186 -6.01604e-33
0.187 -3.65319e-33
0.188 2.1809e-33
0.189 1.40188e-32
0.19 3.58427e-32
0.191 7.37937e-32
0.192 1.37182e-31
0.193 2.39913e-31
0.194 4.02461e-31
0.195 6.54593e-31
0.196 1.03904e-30
0.197 1.61642e-30
0.198 2.47168e-30
0.199 3.72242e-30
0.2 5.52946e-30
0.201 8.10985e-30
0.202 1.17525e-29
0.203 1.6836e-29
0.204 2.38481e-29
0.205 3.34051e-29
0.206 4.62666e-29
0.207 6.33411e-29
0.208 8.56725e-29
0.209 1.14391e-28
0.21 1.50604e-28
0.211 1.95202e-28
0.212 2.48504e-28
0.213 3.09701e-28
0.214 3.75964e-28
0.215 4.41082e-28
0.216 4.93421e-28
0.217 5.1292e-28
0.218 4.66749e-28
0.219 3.03111e-28
0.22 -5.7492e-29
0.221 -7.344e-28
0.222 -1.9035e-27
0.223 -3.81995e-27
0.224 -6.84876e-27
0.225 -1.15055e-26
0.226 -1.85097e-26
0.227 -2.8855e-26
0.228 -4.38983e-26
0.229 -6.5474e-26
0.23 -9.60363e-26
0.231 -1.38834e-25
0.232 -1.98126e-25
0.233 -2.79425e-25
0.234 -3.89796e-25
0.235 -5.38169e-25
0.236 -7.35675e-25
0.237 -9.95974e-25
0.238 -1.33552e-24
0.239 -1.77367e-24
0.24 -2.33258e-24
0.241 -3.03666e-24
0.242 -3.91126e-24
0.243 -4.9805e-24
0.244 -6.2633e-24
0.245 -7.7674e-24
0.246 -9.4799e-24
0.247 -1.13535e-23
0.248 -1.32863e-23
0.249 -1.50931e-23
0.25 -1.6465e-23
0.251 -1.69134e-23
0.252 -1.56938e-23
0.253 -1.17016e-23
0.254 -3.33376e-24
0.255 1.1696e-23
0.256 3.65993e-23
0.257 7.58292e-23
0.258 1.35488e-22
0.259 2.2385e-22
0.26 3.52022e-22
0.261 5.34781e-22
0.262 7.91601e-22
0.263 1.14794e-21
0.264 1.63678e-21
0.265 2.3005e-21
0.266 3.19308e-21
0.267 4.38271e-21
0.268 5.95466e-21
0.269 8.01462e-21
0.27 1.06922e-20
0.271 1.41445e-20
0.272 1.85596e-20
0.273 2.41593e-20
0.274 3.12009e-20
0.275 3.99765e-20
0.276 5.08089e-20
0.277 6.40425e-20
0.278 8.00259e-20
0.279 9.90836e-20
0.28 1.21472e-19
0.281 1.47312e-19
0.282 1.76495e-19
0.283 2.08544e-19
0.284 2.42425e-19
0.285 2.76284e-19
0.286 3.07094e-19
0.287 3.3018e-19
0.288 3.38587e-19
0.289 3.22254e-19
0.29 2.66932e-19
0.291 1.52791e-19
0.292 -4.73688e-20
0.293 -3.70398e-19
0.294 -8.65674e-19
0.295 -1.59871e-18
0.296 -2.65567e-18
0.297 -4.14889e-18
0.298 -6.22375e-18
0.299 -9.06695e-18
0.3 -1.29165e-17
0.301 -1.80739e-17
0.302 -2.4918e-17
0.303 -3.39221e-17
0.304 -4.56729e-17
0.305 -6.08926e-17
0.306 -8.0464e-17
0.307 -1.05457e-16
0.308 -1.37159e-16
0.309 -1.77102e-16
0.31 -2.27098e-16
0.311 -2.89259e-16
0.312 -3.6602e-16
0.313 -4.6015e-16
0.314 -5.74738e-16
0.315 -7.13159e-16
0.316 -8.78998e-16
0.317 -1.07591e-15
0.318 -1.30743e-15
0.319 -1.57661e-15
0.32 -1.88562e-15
0.321 -2.23503e-15
0.322 -2.62299e-15
0.323 -3.04393e-15
0.324 -3.48701e-15
0.325 -3.93387e-15
0.326 -4.35591e-15
0.327 -4.71052e-15
0.328 -4.93644e-15
0.329 -4.9477e-15
0.33 -4.626e-15
0.331 -3.81115e-15
0.332 -2.28902e-15
0.333 2.23254e-16
0.334 4.09571e-15
0.335 9.80802e-15
0.336 1.79769e-14
0.337 2.93894e-14
0.338 4.50428e-14
0.339 6.61921e-14
0.34 9.4407e-14
0.341 1.31638e-13
0.342 1.80296e-13
0.343 2.4334e-13
0.344 3.24382e-13
0.345 4.27806e-13
0.346 5.58898e-13
0.347 7.23992e-13
0.348 9.30632e-13
0.349 1.18774e-12
0.35 1.50578e-12
0.351 1.89696e-12
0.352 2.37536e-12
0.353 2.95711e-12
0.354 3.66044e-12
0.355 4.50576e-12
0.356 5.51556e-12
0.357 6.71416e-12
0.358 8.12736e-12
0.359 9.78167e-12
0.36 1.17033e-11
0.361 1.39164e-11
0.362 1.64413e-11
0.363 1.92911e-11
0.364 2.24678e-11
0.365 2.59567e-11
0.366 2.97201e-11
0.367 3.36874e-11
0.368 3.7744e-11
0.369 4.17169e-11
0.37 4.53555e-11
0.371 4.83092e-11
0.372 5.00988e-11
0.373 5.00807e-11
0.374 4.74043e-11
0.375 4.09588e-11
0.376 2.93097e-11
0.377 1.06218e-11
0.378 -1.74334e-11
0.379 -5.77873e-11
0.38 -1.14105e-10
0.381 -1.9094e-10
0.382 -2.93914e-10
0.383 -4.29928e-10
0.384 -6.07408e-10
0.385 -8.36586e-10
0.386 -1.12983e-09
0.387 -1.50199e-09
0.388 -1.97084e-09
0.389 -2.55754e-09
0.39 -3.28713e-09
0.391 -4.18912e-09
0.392 -5.29808e-09
0.393 -6.65432e-09
0.394 -8.30454e-09
0.395 -1.03026e-08
0.396 -1.27101e-08
0.397 -1.55972e-08
0.398 -1.90431e-08
0.399 -2.31364e-08
0.4 -2.79757e-08
0.401 -3.3669e-08
0.402 -4.0334e-08
0.403 -4.80963e-08
0.404 -5.70882e-08
0.405 -6.7446e-08
0.406 -7.93056e-08
0.407 -9.27977e-08
0.408 -1.0804e-07
0.409 -1.25126e-07
0.41 -1.44116e-07
0.411 -1.65015e-07
0.412 -1.87754e-07
0.413 -2.12165e-07
0.414 -2.37942e-07
0.415 -2.64606e-07
0.416 -2.91446e-07
0.417 -3.1746e-07
0.418 -3.41278e-07
0.419 -3.61066e-07
0.42 -3.74414e-07
0.421 -3.78201e-07
0.422 -3.68433e-07
0.423 -3.40049e-07
0.424 -2.86695e-07
0.425 -2.00453e-07
0.426 -7.1525e-08
0.427 1.12137e-07
0.428 3.65265e-07
0.429 7.05771e-07
0.43 1.15534e-06
0.431 1.74007e-06
0.432 2.49129e-06
0.433 3.44638e-06
0.434 4.64983e-06
0.435 6.1543e-06
0.436 8.02199e-06
0.437 1.0326e-05
0.438 1.31519e-05
0.439 1.65998e-05
0.44 2.07858e-05
0.441 2.58446e-05
0.442 3.19317e-05
0.443 3.9226e-05
0.444 4.79324e-05
0.445 5.82848e-05
0.446 7.05491e-05
0.447 8.50264e-05
0.448 0.000102056
0.449 0.000122018
0.45 0.000145338
0.451 0.000172487
0.452 0.000203987
0.453 0.000240407
0.454 0.000282371
0.455 0.00033055
0.456 0.000385663
0.457 0.000448471
0.458 0.000519769
0.459 0.000600377
0.46 0.000691116
0.461 0.000792797
0.462 0.000906181
0.463 0.00103195
0.464 0.00117065
0.465 0.00132265
0.466 0.00148802
0.467 0.0016665
0.468 0.00185734
0.469 0.00205915
0.47 0.00226978
0.471 0.00248606
0.472 0.00270356
0.473 0.00291631
0.474 0.00311642
0.475 0.00329367
0.476 0.00343496
0.477 0.00352379
0.478 0.00353948
0.479 0.00345638
0.48 0.00324292
0.481 0.00286041
0.482 0.00226181
0.483 0.00139012
0.484 0.000176679
0.485 -0.00146096
0.486 -0.00362134
0.487 -0.00642186
0.488 -0.0100019
0.489 -0.0145265
0.49 -0.0201901
0.491 -0.0272219
0.492 -0.0358906
0.493 -0.0465106
0.494 -0.0594493
0.495 -0.0751342
0.496 -0.0940623
0.497 -0.11681
0.498 -0.144043
0.499 -0.176531
0.5 -0.215161
0.501 -0.26095
