0 0
0.001 0
0.002 0
0.003 0
0.004 0
0.005 0
0.006 0
0.007 0
0.008 0
0.009 0
0.01 0
0.011 0
0.012 0
0.013 0
0.014 0
0.015 0
0.016 0
0.017 0
0.018 0
0.019 0
0.02 0
0.021 0
0.022 0
0.023 0
0.024 0
0.025 0
0.026 0
0.027 0
0.028 0
0.029 0
0.03 0
0.031 0
0.032 0
0.033 0
0.034 0
0.035 0
0.036 0
0.037 0
0.038 0
0.039 0
0.04 0
0.041 0
0.042 0
0.043 0
0.044 0
0.045 0
0.046 0
0.047 0
0.048 0
0.049 0
0.05 0
0.051 0
0.052 0
0.053 0
0.054 0
0.055 0
0.056 0
0.057 0
0.058 0
0.059 0
0.06 0
0.061 0
0.062 0
0.063 0
0.064 0
0.065 0
0.066 0
0.067 0
0.068 0
0.069 0
0.07 0
0.071 0
0.072 0
0.073 0
0.074 0
0.075 0
0.076 0
0.077 0
0.078 0
0.079 0
0.08 0
0.081 0
0.082 0
0.083 0
0.084 0
0.085 0
0.086 0
0.087 0
0.088 0
0.089 0
0.09 0
0.091 0
0.092 0
0.093 0
0.094 0
0.095 0
0.096 0
0.097 0
0.098 0
0.099 0
0.1 0
0.101 0
0.102 0
0.103 0
0.104 0
0.105 0
0.106 0
0.107 0
0.108 0
0.109 0
0.11 0
0.111 0
0.112 0
0.113 0
0.114 0
0.115 0
0.116 0
0.117 0
0.118 0
0.119 0
0.12 0
0.121 0
0.122 0
0.123 0
0.124 0
0.125 0
0.126 0
0.127 0
0.128 0
0.129 0
0.13 0
0.131 0
0.132 0
0.133 0
0.134 0
0.135 0
0.136 0
0.137 0
0.138 0
0.139 0
0.14 0
0.141 0
0.142 0
0.143 0
0.144 0
0.145 0
0.146 0
0.147 0
0.148 0
0.149 0
0.15 0
0.151 0
0.152 0
0.153 0
0.154 0
0.155 0
0.156 0
0.157 0
0.158 0
0.159 0
0.16 0
0.161 6.56745e-40
0.162 6.94308e-38
0.163 3.63514e-36
0.164 1.25642e-34
0.165 3.22425e-33
0.166 6.55113e-32
0.167 1.09749e-30
0.168 1.55877e-29
0.169 1.91549e-28
0.17 2.06819e-27
0.171 1.98587e-26
0.172 1.71225e-25
0.173 1.3362e-24
0.174 9.49975e-24
0.175 6.18685e-23
0.176 3.7082e-22
0.177 2.05357e-21
0.178 1.05432e-20
0.179 5.03286e-20
0.18 2.23928e-19
0.181 9.30616e-19
0.182 3.61895e-18
0.183 1.31886e-17
0.184 4.50978e-17
0.185 1.4484e-16
0.186 4.3725e-16
0.187 1.24142e-15
0.188 3.31594e-15
0.189 8.33391e-15
0.19 1.97072e-14
0.191 4.38366e-14
0.192 9.16888e-14
0.193 1.80242e-13
0.194 3.32839e-13
0.195 5.77165e-13
0.196 9.39902e-13
0.197 1.43884e-12
0.198 2.07623e-12
0.199 2.8402e-12
0.2 3.72105e-12
0.201 4.74325e-12
0.202 6.00187e-12
0.203 7.68037e-12
0.204 1.0028e-11
0.205 1.32973e-11
0.206 1.76797e-11
0.207 2.33001e-11
0.208 3.03089e-11
0.209 3.90359e-11
0.21 5.00973e-11
0.211 6.43549e-11
0.212 8.27435e-11
0.213 1.06132e-10
0.214 1.35404e-10
0.215 1.71759e-10
0.216 2.17002e-10
0.217 2.7354e-10
0.218 3.44086e-10
0.219 4.31446e-10
0.22 5.38731e-10
0.221 6.69917e-10
0.222 8.30214e-10
0.223 1.02585e-09
0.224 1.26362e-09
0.225 1.55084e-09
0.226 1.89609e-09
0.227 2.30988e-09
0.228 2.80466e-09
0.229 3.39406e-09
0.23 4.09271e-09
0.231 4.91693e-09
0.232 5.88579e-09
0.233 7.02096e-09
0.234 8.34579e-09
0.235 9.88473e-09
0.236 1.16642e-08
0.237 1.37137e-08
0.238 1.60649e-08
0.239 1.87508e-08
0.24 2.18045e-08
0.241 2.52603e-08
0.242 2.9154e-08
0.243 3.35217e-08
0.244 3.83978e-08
0.245 4.38144e-08
0.246 4.98013e-08
0.247 5.63857e-08
0.248 6.35904e-08
0.249 7.14312e-08
0.25 7.99163e-08
0.251 8.90459e-08
0.252 9.88111e-08
0.253 1.09191e-07
0.254 1.20152e-07
0.255 1.31647e-07
0.256 1.43613e-07
0.257 1.55973e-07
0.258 1.68631e-07
0.259 1.81477e-07
0.26 1.9438e-07
0.261 2.07195e-07
0.262 2.19759e-07
0.263 2.31895e-07
0.264 2.43412e-07
0.265 2.54107e-07
0.266 2.63766e-07
0.267 2.7217e-07
0.268 2.79099e-07
0.269 2.84332e-07
0.27 2.87652e-07
0.271 2.88851e-07
0.272 2.87739e-07
0.273 2.84141e-07
0.274 2.77907e-07
0.275 2.68913e-07
0.276 2.57069e-07
0.277 2.42321e-07
0.278 2.24654e-07
0.279 2.04097e-07
0.28 1.80721e-07
0.281 1.54643e-07
0.282 1.26028e-07
0.283 9.50846e-08
0.284 6.20661e-08
0.285 2.72664e-08
0.286 -8.9835e-09
0.287 -4.63193e-08
0.288 -8.43488e-08
0.289 -1.22658e-07
0.29 -1.6082e-07
0.291 -1.984e-07
0.292 -2.34962e-07
0.293 -2.70079e-07
0.294 -3.0334e-07
0.295 -3.34357e-07
0.296 -3.62772e-07
0.297 -3.88263e-07
0.298 -4.10552e-07
0.299 -4.29406e-07
0.3 -4.44644e-07
0.301 -4.56138e-07
0.302 -4.63817e-07
0.303 -4.67665e-07
0.304 -4.67719e-07
0.305 -4.64071e-07
0.306 -4.56864e-07
0.307 -4.46286e-07
0.308 -4.32568e-07
0.309 -4.15976e-07
0.31 -3.96808e-07
0.311 -3.75384e-07
0.312 -3.52044e-07
0.313 -3.27137e-07
0.314 -3.01018e-07
0.315 -2.74037e-07
0.316 -2.46539e-07
0.317 -2.18856e-07
0.318 -1.91299e-07
0.319 -1.64159e-07
0.32 -1.37701e-07
0.321 -1.1216e-07
0.322 -8.77419e-08
0.323 -6.46214e-08
0.324 -4.29402e-08
0.325 -2.28085e-08
0.326 -4.30549e-09
0.327 1.25188e-08
0.328 2.76422e-08
0.329 4.10684e-08
0.33 5.2824e-08
0.331 6.29554e-08
0.332 7.15264e-08
0.333 7.86155e-08
0.334 8.4313e-08
0.335 8.87176e-08
0.336 9.19342e-08
0.337 9.40716e-08
0.338 9.52398e-08
0.339 9.55482e-08
0.34 9.51044e-08
0.341 9.4012e-08
0.342 9.2369e-08
0.343 9.02679e-08
0.344 8.7795e-08
0.345 8.50292e-08
0.346 8.20415e-08
0.347 7.88957e-08
0.348 7.56483e-08
0.349 7.23487e-08
0.35 6.9039e-08
0.351 6.57551e-08
0.352 6.25266e-08
0.353 5.93774e-08
0.354 5.63265e-08
0.355 5.33889e-08
0.356 5.0575e-08
0.357 4.78915e-08
0.358 4.53427e-08
0.359 4.29305e-08
0.36 4.06542e-08
0.361 3.85116e-08
0.362 3.64994e-08
0.363 3.46127e-08
0.364 3.28464e-08
0.365 3.11946e-08
0.366 2.96515e-08
0.367 2.82104e-08
0.368 2.68646e-08
0.369 2.56083e-08
0.37 2.44354e-08
0.371 2.33397e-08
0.372 2.23157e-08
0.373 2.13579e-08
0.374 2.04613e-08
0.375 1.96212e-08
0.376 1.88334e-08
0.377 1.80938e-08
0.378 1.73983e-08
0.379 1.67436e-08
0.38 1.61269e-08
0.381 1.55452e-08
0.382 1.49955e-08
0.383 1.44756e-08
0.384 1.39832e-08
0.385 1.35165e-08
0.386 1.30735e-08
0.387 1.26528e-08
0.388 1.22525e-08
0.389 1.18712e-08
0.39 1.15078e-08
0.391 1.11614e-08
0.392 1.08306e-08
0.393 1.05143e-08
0.394 1.02117e-08
0.395 9.92223e-09
0.396 9.6449e-09
0.397 9.3791e-09
0.398 9.12413e-09
0.399 8.87923e-09
0.4 8.64395e-09
0.401 8.41803e-09
0.402 8.20085e-09
0.403 7.99169e-09
0.404 7.79024e-09
0.405 7.59631e-09
0.406 7.40948e-09
0.407 7.22931e-09
0.408 7.05554e-09
0.409 6.88776e-09
0.41 6.72568e-09
0.411 6.56925e-09
0.412 6.41824e-09
0.413 6.27214e-09
0.414 6.13068e-09
0.415 5.99391e-09
0.416 5.86167e-09
0.417 5.73362e-09
0.418 5.60956e-09
0.419 5.48935e-09
0.42 5.37279e-09
0.421 5.25982e-09
0.422 5.15042e-09
0.423 5.04428e-09
0.424 4.94108e-09
0.425 4.84091e-09
0.426 4.74384e-09
0.427 4.64956e-09
0.428 4.55789e-09
0.429 4.4688e-09
0.43 4.38218e-09
0.431 4.29796e-09
0.432 4.21617e-09
0.433 4.13666e-09
0.434 4.05912e-09
0.435 3.98358e-09
0.436 3.91022e-09
0.437 3.83887e-09
0.438 3.76928e-09
0.439 3.70144e-09
0.44 3.63536e-09
0.441 3.57095e-09
0.442 3.50824e-09
0.443 3.44718e-09
0.444 3.38752e-09
0.445 3.3292e-09
0.446 3.27243e-09
0.447 3.21718e-09
0.448 3.16318e-09
0.449 3.11037e-09
0.45 3.05884e-09
0.451 3.00855e-09
0.452 2.95945e-09
0.453 2.91157e-09
0.454 2.86475e-09
0.455 2.81884e-09
0.456 2.77403e-09
0.457 2.73042e-09
0.458 2.68774e-09
0.459 2.64587e-09
0.46 2.60494e-09
0.461 2.56496e-09
0.462 2.52585e-09
0.463 2.48764e-09
0.464 2.45026e-09
0.465 2.41353e-09
0.466 2.37757e-09
0.467 2.34254e-09
0.468 2.30828e-09
0.469 2.27458e-09
0.47 2.24154e-09
0.471 2.20926e-09
0.472 2.17765e-09
0.473 2.1467e-09
0.474 2.11641e-09
0.475 2.0866e-09
0.476 2.05733e-09
0.477 2.02879e-09
0.478 2.0009e-09
0.479 1.97341e-09
0.48 1.94639e-09
0.481 1.91996e-09
0.482 1.89407e-09
0.483 1.86868e-09
0.484 1.84381e-09
0.485 1.81933e-09
0.486 1.79521e-09
0.487 1.77166e-09
0.488 1.74867e-09
0.489 1.726e-09
0.49 1.70363e-09
0.491 1.68173e-09
0.492 1.66029e-09
0.493 1.63922e-09
0.494 1.61856e-09
0.495 1.59823e-09
0.496 1.57815e-09
0.497 1.55849e-09
0.498 1.53933e-09
0.499 1.52044e-09
0.5 1.50173e-09
0.501 1.48339e-09
