0 0
0.001 0
0.002 0
0.003 0
0.004 0
0.005 0
0.006 0
0.007 0
0.008 0
0.009 0
0.01 0
0.011 0
0.012 0
0.013 0
0.014 0
0.015 0
0.016 0
0.017 0
0.018 0
0.019 0
0.02 0
0.021 0
0.022 0
0.023 0
0.024 0
0.025 0
0.026 0
0.027 0
0.028 0
0.029 2.35518e-108
0.03 1.43282e-102
0.031 2.45459e-97
0.032 6.558e-93
0.033 6.41401e-89
0.034 2.49963e-85
0.035 4.74162e-82
0.036 4.82731e-79
0.037 2.882e-76
0.038 1.07749e-73
0.039 2.66532e-71
0.04 4.56675e-69
0.041 5.63761e-67
0.042 5.18905e-65
0.043 3.66974e-63
0.044 2.04758e-61
0.045 9.22676e-60
0.046 3.42771e-58
0.047 1.06901e-56
0.048 2.84386e-55
0.049 6.54444e-54
0.05 1.31896e-52
0.051 2.35343e-51
0.052 3.75355e-50
0.053 5.39674e-49
0.054 7.04741e-48
0.055 8.41468e-47
0.056 9.24149e-46
0.057 9.38552e-45
0.058 8.85657e-44
0.059 7.79894e-43
0.06 6.4337e-42
0.061 4.98971e-41
0.062 3.64982e-40
0.063 2.52535e-39
0.064 1.65724e-38
0.065 1.03402e-37
0.066 6.1479e-37
0.067 3.49045e-36
0.068 1.89593e-35
0.069 9.86999e-35
0.07 4.93261e-34
0.071 2.37007e-33
0.072 1.09644e-32
0.073 4.89011e-32
0.074 2.10521e-31
0.075 8.75814e-31
0.076 3.52481e-30
0.077 1.37373e-29
0.078 5.18938e-29
0.079 1.9018e-28
0.08 6.76719e-28
0.081 2.33983e-27
0.082 7.86703e-27
0.083 2.57388e-26
0.084 8.19973e-26
0.085 2.54514e-25
0.086 7.70148e-25
0.087 2.27314e-24
0.088 6.54772e-24
0.089 1.84153e-23
0.09 5.05929e-23
0.091 1.35836e-22
0.092 3.56556e-22
0.093 9.15376e-22
0.094 2.29926e-21
0.095 5.65255e-21
0.096 1.36053e-20
0.097 3.2071e-20
0.098 7.40601e-20
0.099 1.67587e-19
0.1 3.71702e-19
0.101 8.08259e-19
0.102 1.72348e-18
0.103 3.60458e-18
0.104 7.39579e-18
0.105 1.48894e-17
0.106 2.94178e-17
0.107 5.705e-17
0.108 1.08614e-16
0.109 2.0303e-16
0.11 3.72691e-16
0.111 6.71906e-16
0.112 1.18987e-15
0.113 2.07005e-15
0.114 3.53844e-15
0.115 5.94365e-15
0.116 9.8123e-15
0.117 1.59233e-14
0.118 2.54051e-14
0.119 3.98583e-14
0.12 6.15075e-14
0.121 9.33826e-14
0.122 1.39531e-13
0.123 2.0526e-13
0.124 2.97415e-13
0.125 4.24689e-13
0.126 5.97997e-13
0.127 8.30923e-13
0.128 1.14029e-12
0.129 1.54696e-12
0.13 2.07682e-12
0.131 2.76233e-12
0.132 3.64441e-12
0.133 4.77512e-12
0.134 6.22096e-12
0.135 8.06715e-12
0.136 1.04226e-11
0.137 1.3426e-11
0.138 1.72523e-11
0.139 2.21204e-11
0.14 2.83017e-11
0.141 3.61294e-11
0.142 4.60095e-11
0.143 5.84333e-11
0.144 7.39931e-11
0.145 9.34006e-11
0.146 1.1751e-10
0.147 1.47344e-10
0.148 1.84128e-10
0.149 2.29324e-10
0.15 2.84669e-10
0.151 3.52225e-10
0.152 4.34416e-10
0.153 5.34079e-10
0.154 6.54514e-10
0.155 7.99536e-10
0.156 9.73526e-10
0.157 1.1815e-09
0.158 1.42915e-09
0.159 1.72294e-09
0.16 2.07017e-09
0.161 2.47901e-09
0.162 2.95857e-09
0.163 3.51898e-09
0.164 4.17134e-09
0.165 4.92781e-09
0.166 5.80153e-09
0.167 6.80662e-09
0.168 7.95809e-09
0.169 9.2718e-09
0.17 1.07643e-08
0.171 1.24526e-08
0.172 1.43543e-08
0.173 1.64867e-08
0.174 1.88672e-08
0.175 2.15124e-08
0.176 2.44379e-08
0.177 2.76578e-08
0.178 3.11839e-08
0.179 3.50257e-08
0.18 3.91891e-08
0.181 4.36763e-08
0.182 4.8485e-08
0.183 5.36076e-08
0.184 5.90305e-08
0.185 6.47337e-08
0.186 7.069e-08
0.187 7.68645e-08
0.188 8.32141e-08
0.189 8.96873e-08
0.19 9.62239e-08
0.191 1.02755e-07
0.192 1.09204e-07
0.193 1.15486e-07
0.194 1.21507e-07
0.195 1.27169e-07
0.196 1.32366e-07
0.197 1.36989e-07
0.198 1.40926e-07
0.199 1.44065e-07
0.2 1.46292e-07
0.201 1.475e-07
0.202 1.47585e-07
0.203 1.46451e-07
0.204 1.44013e-07
0.205 1.40197e-07
0.206 1.34946e-07
0.207 1.28218e-07
0.208 1.19992e-07
0.209 1.10265e-07
0.21 9.90595e-08
0.211 8.64179e-08
0.212 7.24084e-08
0.213 5.71221e-08
0.214 4.06738e-08
0.215 2.32004e-08
0.216 4.85993e-09
0.217 -1.41704e-08
0.218 -3.3697e-08
0.219 -5.35122e-08
0.22 -7.3398e-08
0.221 -9.31295e-08
0.222 -1.12479e-07
0.223 -1.31218e-07
0.224 -1.49127e-07
0.225 -1.6599e-07
0.226 -1.81609e-07
0.227 -1.958e-07
0.228 -2.08398e-07
0.229 -2.19264e-07
0.23 -2.28281e-07
0.231 -2.35361e-07
0.232 -2.40443e-07
0.233 -2.43498e-07
0.234 -2.44523e-07
0.235 -2.43546e-07
0.236 -2.40621e-07
0.237 -2.35828e-07
0.238 -2.2927e-07
0.239 -2.21073e-07
0.24 -2.11379e-07
0.241 -2.00342e-07
0.242 -1.8813e-07
0.243 -1.74916e-07
0.244 -1.60875e-07
0.245 -1.46183e-07
0.246 -1.3101e-07
0.247 -1.15519e-07
0.248 -9.98607e-08
0.249 -8.41739e-08
0.25 -6.85795e-08
0.251 -5.31809e-08
0.252 -3.80617e-08
0.253 -2.3285e-08
0.254 -8.89255e-09
0.255 5.09526e-09
0.256 1.86789e-08
0.257 3.18789e-08
0.258 4.47348e-08
0.259 5.73033e-08
0.26 6.96565e-08
0.261 8.18791e-08
0.262 9.40664e-08
0.263 1.06321e-07
0.264 1.18751e-07
0.265 1.31464e-07
0.266 1.44567e-07
0.267 1.5816e-07
0.268 1.72337e-07
0.269 1.87176e-07
0.27 2.02742e-07
0.271 2.19078e-07
0.272 2.36207e-07
0.273 2.54125e-07
0.274 2.72801e-07
0.275 2.92172e-07
0.276 3.12145e-07
0.277 3.32592e-07
0.278 3.5335e-07
0.279 3.74223e-07
0.28 3.94979e-07
0.281 4.15355e-07
0.282 4.35055e-07
0.283 4.53759e-07
0.284 4.71118e-07
0.285 4.86768e-07
0.286 5.00329e-07
0.287 5.11414e-07
0.288 5.19636e-07
0.289 5.24615e-07
0.29 5.25988e-07
0.291 5.23411e-07
0.292 5.16578e-07
0.293 5.0522e-07
0.294 4.89117e-07
0.295 4.68107e-07
0.296 4.42091e-07
0.297 4.1104e-07
0.298 3.75001e-07
0.299 3.34099e-07
0.3 2.88539e-07
0.301 2.38609e-07
0.302 1.84676e-07
0.303 1.27187e-07
0.304 6.66614e-08
0.305 3.6849e-09
0.306 -6.10964e-08
0.307 -1.26986e-07
0.308 -1.9325e-07
0.309 -2.59123e-07
0.31 -3.23828e-07
0.311 -3.86583e-07
0.312 -4.46618e-07
0.313 -5.03187e-07
0.314 -5.55582e-07
0.315 -6.03141e-07
0.316 -6.45265e-07
0.317 -6.81423e-07
0.318 -7.11161e-07
0.319 -7.34113e-07
0.32 -7.50002e-07
0.321 -7.58643e-07
0.322 -7.59947e-07
0.323 -7.53919e-07
0.324 -7.40655e-07
0.325 -7.20341e-07
0.326 -6.93243e-07
0.327 -6.59707e-07
0.328 -6.20146e-07
0.329 -5.75034e-07
0.33 -5.24898e-07
0.331 -4.70308e-07
0.332 -4.11868e-07
0.333 -3.50207e-07
0.334 -2.85971e-07
0.335 -2.19817e-07
0.336 -1.52402e-07
0.337 -8.43789e-08
0.338 -1.63918e-08
0.339 5.09307e-08
0.34 1.16978e-07
0.341 1.81163e-07
0.342 2.42923e-07
0.343 3.0172e-07
0.344 3.57048e-07
0.345 4.0843e-07
0.346 4.55419e-07
0.347 4.97605e-07
0.348 5.3461e-07
0.349 5.66096e-07
0.35 5.91763e-07
0.351 6.11353e-07
0.352 6.24652e-07
0.353 6.31497e-07
0.354 6.31773e-07
0.355 6.25421e-07
0.356 6.12442e-07
0.357 5.92896e-07
0.358 5.66907e-07
0.359 5.34669e-07
0.36 4.96441e-07
0.361 4.52551e-07
0.362 4.03396e-07
0.363 3.49437e-07
0.364 2.91202e-07
0.365 2.29277e-07
0.366 1.643e-07
0.367 9.69571e-08
0.368 2.79732e-08
0.369 -4.18991e-08
0.37 -1.11888e-07
0.371 -1.81216e-07
0.372 -2.49107e-07
0.373 -3.14804e-07
0.374 -3.77578e-07
0.375 -4.36739e-07
0.376 -4.91649e-07
0.377 -5.41732e-07
0.378 -5.86482e-07
0.379 -6.25473e-07
0.38 -6.58363e-07
0.381 -6.849e-07
0.382 -7.04926e-07
0.383 -7.18376e-07
0.384 -7.25276e-07
0.385 -7.25745e-07
0.386 -7.19986e-07
0.387 -7.08283e-07
0.388 -6.90992e-07
0.389 -6.68533e-07
0.39 -6.41382e-07
0.391 -6.10056e-07
0.392 -5.7511e-07
0.393 -5.37118e-07
0.394 -4.96668e-07
0.395 -4.54347e-07
0.396 -4.10737e-07
0.397 -3.66399e-07
0.398 -3.21871e-07
0.399 -2.77654e-07
0.4 -2.34214e-07
0.401 -1.91967e-07
0.402 -1.51287e-07
0.403 -1.12491e-07
0.404 -7.58499e-08
0.405 -4.15785e-08
0.406 -9.84207e-09
0.407 1.9244e-08
0.408 4.56113e-08
0.409 6.9235e-08
0.41 9.01299e-08
0.411 1.08347e-07
0.412 1.23967e-07
0.413 1.371e-07
0.414 1.47875e-07
0.415 1.5644e-07
0.416 1.62956e-07
0.417 1.67591e-07
0.418 1.7052e-07
0.419 1.7192e-07
0.42 1.71964e-07
0.421 1.70824e-07
0.422 1.68663e-07
0.423 1.65636e-07
0.424 1.61892e-07
0.425 1.57564e-07
0.426 1.52778e-07
0.427 1.47645e-07
0.428 1.42266e-07
0.429 1.36732e-07
0.43 1.31119e-07
0.431 1.25494e-07
0.432 1.19914e-07
0.433 1.14427e-07
0.434 1.09069e-07
0.435 1.03872e-07
0.436 9.88596e-08
0.437 9.40481e-08
0.438 8.94495e-08
0.439 8.50706e-08
0.44 8.09142e-08
0.441 7.69798e-08
0.442 7.32642e-08
0.443 6.97619e-08
0.444 6.6466e-08
0.445 6.33681e-08
0.446 6.04588e-08
0.447 5.77283e-08
0.448 5.51663e-08
0.449 5.27625e-08
0.45 5.05065e-08
0.451 4.83884e-08
0.452 4.63981e-08
0.453 4.45264e-08
0.454 4.2764e-08
0.455 4.11024e-08
0.456 3.95338e-08
0.457 3.80506e-08
0.458 3.66459e-08
0.459 3.53131e-08
0.46 3.40461e-08
0.461 3.28392e-08
0.462 3.16872e-08
0.463 3.05854e-08
0.464 2.95297e-08
0.465 2.85162e-08
0.466 2.75414e-08
0.467 2.6602e-08
0.468 2.5695e-08
0.469 2.48177e-08
0.47 2.39678e-08
0.471 2.31433e-08
0.472 2.23425e-08
0.473 2.1564e-08
0.474 2.08065e-08
0.475 2.0069e-08
0.476 1.93507e-08
0.477 1.86509e-08
0.478 1.79693e-08
0.479 1.73058e-08
0.48 1.66603e-08
0.481 1.60331e-08
0.482 1.54243e-08
0.483 1.48347e-08
0.484 1.42648e-08
0.485 1.37156e-08
0.486 1.3188e-08
0.487 1.26828e-08
0.488 1.22011e-08
0.489 1.17438e-08
0.49 1.13123e-08
0.491 1.09076e-08
0.492 1.05311e-08
0.493 1.0184e-08
0.494 9.86761e-09
0.495 9.58278e-09
0.496 9.33047e-09
0.497 9.11154e-09
0.498 8.92682e-09
0.499 8.77705e-09
0.5 8.66287e-09
0.501 8.58472e-09
