0 0
0.001 0
0.002 0
0.003 0
0.004 0
0.005 0
0.006 0
0.007 0
0.008 0
0.009 0
0.01 0
0.011 0
0.012 0
0.013 0
0.014 0
0.015 0
0.016 0
0.017 0
0.018 0
0.019 0
0.02 0
0.021 0
0.022 0
0.023 0
0.024 0
0.025 0
0.026 0
0.027 0
0.028 0
0.029 0
0.03 0
0.031 0
0.032 0
0.033 0
0.034 0
0.035 0
0.036 0
0.037 0
0.038 0
0.039 0
0.04 0
0.041 2.46561e-112
0.042 6.87282e-106
0.043 5.03863e-100
0.044 1.93813e-95
0.045 2.47097e-91
0.046 1.10787e-87
0.047 2.28489e-84
0.048 2.42144e-81
0.049 1.46008e-78
0.05 5.38744e-76
0.051 1.29282e-73
0.052 2.12242e-71
0.053 2.49012e-69
0.054 2.16864e-67
0.055 1.44926e-65
0.056 7.65053e-64
0.057 3.27176e-62
0.058 1.15858e-60
0.059 3.46224e-59
0.06 8.87549e-58
0.061 1.97965e-56
0.062 3.88944e-55
0.063 6.80348e-54
0.064 1.06949e-52
0.065 1.52325e-51
0.066 1.97992e-50
0.067 2.36357e-49
0.068 2.60607e-48
0.069 2.6674e-47
0.07 2.54587e-46
0.071 2.27503e-45
0.072 1.91043e-44
0.073 1.51254e-43
0.074 1.13244e-42
0.075 8.03989e-42
0.076 5.42621e-41
0.077 3.48941e-40
0.078 2.14256e-39
0.079 1.25858e-38
0.08 7.08558e-38
0.081 3.82946e-37
0.082 1.98992e-36
0.083 9.95612e-36
0.084 4.80263e-35
0.085 2.23636e-34
0.086 1.00643e-33
0.087 4.38197e-33
0.088 1.84776e-32
0.089 7.55306e-32
0.09 2.99565e-31
0.091 1.15376e-30
0.092 4.31854e-30
0.093 1.57211e-29
0.094 5.57e-29
0.095 1.92196e-28
0.096 6.46278e-28
0.097 2.11905e-27
0.098 6.77873e-27
0.099 2.11677e-26
0.1 6.45558e-26
0.101 1.9237e-25
0.102 5.60371e-25
0.103 1.59638e-24
0.104 4.4493e-24
0.105 1.2137e-23
0.106 3.24153e-23
0.107 8.47925e-23
0.108 2.17308e-22
0.109 5.45806e-22
0.11 1.34392e-21
0.111 3.24486e-21
0.112 7.68469e-21
0.113 1.78553e-20
0.114 4.07121e-20
0.115 9.11146e-20
0.116 2.00195e-19
0.117 4.31921e-19
0.118 9.15211e-19
0.119 1.90494e-18
0.12 3.89543e-18
0.121 7.82727e-18
0.122 1.54565e-17
0.123 2.99997e-17
0.124 5.72381e-17
0.125 1.07367e-16
0.126 1.98027e-16
0.127 3.59166e-16
0.128 6.40668e-16
0.129 1.12405e-15
0.13 1.93997e-15
0.131 3.29395e-15
0.132 5.50298e-15
0.133 9.04672e-15
0.134 1.46371e-14
0.135 2.33105e-14
0.136 3.65474e-14
0.137 5.64222e-14
0.138 8.57886e-14
0.139 1.28502e-13
0.14 1.89679e-13
0.141 2.76008e-13
0.142 3.96092e-13
0.143 5.60872e-13
0.144 7.84109e-13
0.145 1.08299e-12
0.146 1.47892e-12
0.147 1.99851e-12
0.148 2.67498e-12
0.149 3.54995e-12
0.15 4.67597e-12
0.151 6.11964e-12
0.152 7.96575e-12
0.153 1.03224e-11
0.154 1.3327e-11
0.155 1.71538e-11
0.156 2.20218e-11
0.157 2.82048e-11
0.158 3.60416e-11
0.159 4.59483e-11
0.16 5.84324e-11
0.161 7.41084e-11
0.162 9.37176e-11
0.163 1.18151e-10
0.164 1.48475e-10
0.165 1.85967e-10
0.166 2.32152e-10
0.167 2.88847e-10
0.168 3.58207e-10
0.169 4.42782e-10
0.17 5.45569e-10
0.171 6.70075e-10
0.172 8.20377e-10
0.173 1.00119e-09
0.174 1.21791e-09
0.175 1.47675e-09
0.176 1.78472e-09
0.177 2.14978e-09
0.178 2.58091e-09
0.179 3.08814e-09
0.18 3.68265e-09
0.181 4.37684e-09
0.182 5.18433e-09
0.183 6.11997e-09
0.184 7.19986e-09
0.185 8.44126e-09
0.186 9.86253e-09
0.187 1.1483e-08
0.188 1.33229e-08
0.189 1.5403e-08
0.19 1.77444e-08
0.191 2.03686e-08
0.192 2.32963e-08
0.193 2.65477e-08
0.194 3.01418e-08
0.195 3.40954e-08
0.196 3.84231e-08
0.197 4.31359e-08
0.198 4.82409e-08
0.199 5.37406e-08
0.2 5.96316e-08
0.201 6.59045e-08
0.202 7.25423e-08
0.203 7.95205e-08
0.204 8.68055e-08
0.205 9.43547e-08
0.206 1.02115e-07
0.207 1.10025e-07
0.208 1.1801e-07
0.209 1.25986e-07
0.21 1.33861e-07
0.211 1.41531e-07
0.212 1.48883e-07
0.213 1.55798e-07
0.214 1.62149e-07
0.215 1.67803e-07
0.216 1.72628e-07
0.217 1.76487e-07
0.218 1.79248e-07
0.219 1.80781e-07
0.22 1.80965e-07
0.221 1.7969e-07
0.222 1.76857e-07
0.223 1.72385e-07
0.224 1.66214e-07
0.225 1.58302e-07
0.226 1.48637e-07
0.227 1.3723e-07
0.228 1.24124e-07
0.229 1.0939e-07
0.23 9.31333e-08
0.231 7.54894e-08
0.232 5.6626e-08
0.233 3.67413e-08
0.234 1.60626e-08
0.235 -5.15595e-09
0.236 -2.6636e-08
0.237 -4.80788e-08
0.238 -6.91689e-08
0.239 -8.95789e-08
0.24 -1.08974e-07
0.241 -1.27019e-07
0.242 -1.43379e-07
0.243 -1.57733e-07
0.244 -1.69772e-07
0.245 -1.79208e-07
0.246 -1.8578e-07
0.247 -1.89256e-07
0.248 -1.89441e-07
0.249 -1.86182e-07
0.25 -1.79365e-07
0.251 -1.68928e-07
0.252 -1.54855e-07
0.253 -1.37182e-07
0.254 -1.15998e-07
0.255 -9.14456e-08
0.256 -6.37175e-08
0.257 -3.30598e-08
0.258 2.32287e-10
0.259 3.58158e-08
0.26 7.33036e-08
0.261 1.12268e-07
0.262 1.52244e-07
0.263 1.92736e-07
0.264 2.33223e-07
0.265 2.73163e-07
0.266 3.12e-07
0.267 3.49174e-07
0.268 3.84124e-07
0.269 4.16298e-07
0.27 4.45161e-07
0.271 4.70204e-07
0.272 4.90951e-07
0.273 5.06967e-07
0.274 5.17868e-07
0.275 5.23327e-07
0.276 5.23084e-07
0.277 5.1695e-07
0.278 5.04816e-07
0.279 4.86655e-07
0.28 4.6253e-07
0.281 4.32592e-07
0.282 3.97086e-07
0.283 3.56346e-07
0.284 3.10797e-07
0.285 2.60951e-07
0.286 2.07397e-07
0.287 1.508e-07
0.288 9.18866e-08
0.289 3.14361e-08
0.29 -2.97306e-08
0.291 -9.07659e-08
0.292 -1.50809e-07
0.293 -2.09003e-07
0.294 -2.64508e-07
0.295 -3.16518e-07
0.296 -3.64279e-07
0.297 -4.07102e-07
0.298 -4.44375e-07
0.299 -4.7558e-07
0.3 -5.00301e-07
0.301 -5.18235e-07
0.302 -5.29197e-07
0.303 -5.33127e-07
0.304 -5.30091e-07
0.305 -5.2028e-07
0.306 -5.04008e-07
0.307 -4.81705e-07
0.308 -4.53912e-07
0.309 -4.21265e-07
0.31 -3.84486e-07
0.311 -3.44369e-07
0.312 -3.01764e-07
0.313 -2.57556e-07
0.314 -2.12652e-07
0.315 -1.67963e-07
0.316 -1.2438e-07
0.317 -8.27626e-08
0.318 -4.39188e-08
0.319 -8.59013e-09
0.32 2.25623e-08
0.321 4.89701e-08
0.322 7.01681e-08
0.323 8.5802e-08
0.324 9.56339e-08
0.325 9.95454e-08
0.326 9.75378e-08
0.327 8.973e-08
0.328 7.63539e-08
0.329 5.77475e-08
0.33 3.43456e-08
0.331 6.66973e-09
0.332 -2.46851e-08
0.333 -5.90638e-08
0.334 -9.57654e-08
0.335 -1.34059e-07
0.336 -1.732e-07
0.337 -2.12442e-07
0.338 -2.51057e-07
0.339 -2.88343e-07
0.34 -3.23645e-07
0.341 -3.56359e-07
0.342 -3.85947e-07
0.343 -4.11942e-07
0.344 -4.33957e-07
0.345 -4.51692e-07
0.346 -4.64927e-07
0.347 -4.73536e-07
0.348 -4.77473e-07
0.349 -4.76777e-07
0.35 -4.71567e-07
0.351 -4.6203e-07
0.352 -4.48422e-07
0.353 -4.31052e-07
0.354 -4.1028e-07
0.355 -3.865e-07
0.356 -3.60138e-07
0.357 -3.31636e-07
0.358 -3.01447e-07
0.359 -2.70024e-07
0.36 -2.3781e-07
0.361 -2.05235e-07
0.362 -1.72703e-07
0.363 -1.40593e-07
0.364 -1.09247e-07
0.365 -7.89747e-08
0.366 -5.00429e-08
0.367 -2.26789e-08
0.368 2.93165e-09
0.369 2.66444e-08
0.37 4.83548e-08
0.371 6.79968e-08
0.372 8.55397e-08
0.373 1.00986e-07
0.374 1.14367e-07
0.375 1.2574e-07
0.376 1.35185e-07
0.377 1.428e-07
0.378 1.48698e-07
0.379 1.53003e-07
0.38 1.55847e-07
0.381 1.57365e-07
0.382 1.57696e-07
0.383 1.56977e-07
0.384 1.55342e-07
0.385 1.52922e-07
0.386 1.49839e-07
0.387 1.46209e-07
0.388 1.4214e-07
0.389 1.3773e-07
0.39 1.33068e-07
0.391 1.28235e-07
0.392 1.23299e-07
0.393 1.18323e-07
0.394 1.1336e-07
0.395 1.08454e-07
0.396 1.03641e-07
0.397 9.89523e-08
0.398 9.44106e-08
0.399 9.00341e-08
0.4 8.58355e-08
0.401 8.18234e-08
0.402 7.80026e-08
0.403 7.43747e-08
0.404 7.09386e-08
0.405 6.76912e-08
0.406 6.46277e-08
0.407 6.17417e-08
0.408 5.9026e-08
0.409 5.64728e-08
0.41 5.40736e-08
0.411 5.18201e-08
0.412 4.97035e-08
0.413 4.77153e-08
0.414 4.58473e-08
0.415 4.40914e-08
0.416 4.24398e-08
0.417 4.08852e-08
0.418 3.94206e-08
0.419 3.80396e-08
0.42 3.6736e-08
0.421 3.55044e-08
0.422 3.43393e-08
0.423 3.32361e-08
0.424 3.21902e-08
0.425 3.11976e-08
0.426 3.02544e-08
0.427 2.93572e-08
0.428 2.85027e-08
0.429 2.76882e-08
0.43 2.69109e-08
0.431 2.61684e-08
0.432 2.54585e-08
0.433 2.47791e-08
0.434 2.41284e-08
0.435 2.35046e-08
0.436 2.29061e-08
0.437 2.23313e-08
0.438 2.1779e-08
0.439 2.12479e-08
0.44 2.07368e-08
0.441 2.02448e-08
0.442 1.97707e-08
0.443 1.93138e-08
0.444 1.88731e-08
0.445 1.84477e-08
0.446 1.8037e-08
0.447 1.76401e-08
0.448 1.72566e-08
0.449 1.68856e-08
0.45 1.65268e-08
0.451 1.61796e-08
0.452 1.58434e-08
0.453 1.55178e-08
0.454 1.52023e-08
0.455 1.48964e-08
0.456 1.45997e-08
0.457 1.43118e-08
0.458 1.40324e-08
0.459 1.37611e-08
0.46 1.34976e-08
0.461 1.32416e-08
0.462 1.29928e-08
0.463 1.27508e-08
0.464 1.25153e-08
0.465 1.22861e-08
0.466 1.20628e-08
0.467 1.18452e-08
0.468 1.16331e-08
0.469 1.14262e-08
0.47 1.12243e-08
0.471 1.10271e-08
0.472 1.08344e-08
0.473 1.0646e-08
0.474 1.04615e-08
0.475 1.02807e-08
0.476 1.01034e-08
0.477 9.92943e-09
0.478 9.75853e-09
0.479 9.59052e-09
0.48 9.42516e-09
0.481 9.26223e-09
0.482 9.1015e-09
0.483 8.94274e-09
0.484 8.78572e-09
0.485 8.63025e-09
0.486 8.47615e-09
0.487 8.32326e-09
0.488 8.17143e-09
0.489 8.02051e-09
0.49 7.87033e-09
0.491 7.72075e-09
0.492 7.57161e-09
0.493 7.42279e-09
0.494 7.2742e-09
0.495 7.12579e-09
0.496 6.97755e-09
0.497 6.82948e-09
0.498 6.6816e-09
0.499 6.53395e-09
0.5 6.38657e-09
0.501 6.23954e-09
